Prototype 0 most similar: [(1, 53.53), (9, 52.58), (4, 51.17), (5, 49.22), (2, 48.99)]
Prototype 1 most similar: [(9, 54.92), (2, 53.65), (0, 53.53), (4, 51.83), (7, 48.94)]
Prototype 2 most similar: [(3, 54.85), (1, 53.65), (8, 51.03), (7, 50.29), (6, 49.41)]
Prototype 3 most similar: [(2, 54.85), (5, 53.0), (4, 52.6), (8, 49.19), (0, 47.83)]
Prototype 4 most similar: [(3, 52.6), (9, 52.15), (1, 51.83), (7, 51.49), (0, 51.17)]
Prototype 5 most similar: [(6, 53.78), (3, 53.0), (8, 52.77), (2, 49.39), (0, 49.22)]
Prototype 6 most similar: [(5, 53.78), (8, 53.32), (2, 49.41), (4, 47.25), (0, 46.29)]
Prototype 7 most similar: [(9, 52.9), (4, 51.49), (2, 50.29), (8, 49.39), (1, 48.94)]
Prototype 8 most similar: [(6, 53.32), (5, 52.77), (2, 51.03), (7, 49.39), (3, 49.19)]
Prototype 9 most similar: [(1, 54.92), (7, 52.9), (0, 52.58), (4, 52.15), (8, 48.77)]
