Prototype 0 most similar: [(4, 82.65), (3, 82.25), (2, 81.56), (1, 81.14), (28, 77.41)]
Prototype 1 most similar: [(4, 81.53), (0, 81.14), (3, 80.8), (2, 80.69), (35, 76.63)]
Prototype 2 most similar: [(0, 81.56), (4, 81.5), (7, 81.49), (1, 80.69), (3, 79.03)]
Prototype 3 most similar: [(0, 82.25), (1, 80.8), (17, 80.17), (18, 79.62), (6, 79.32)]
Prototype 4 most similar: [(0, 82.65), (1, 81.53), (2, 81.5), (3, 77.66), (39, 75.76)]
Prototype 5 most similar: [(7, 85.56), (6, 83.84), (23, 79.78), (22, 79.3), (9, 79.13)]
Prototype 6 most similar: [(7, 84.04), (5, 83.84), (3, 79.32), (9, 78.85), (26, 77.51)]
Prototype 7 most similar: [(5, 85.56), (6, 84.04), (35, 81.94), (2, 81.49), (39, 81.29)]
Prototype 8 most similar: [(7, 80.88), (35, 78.76), (5, 78.4), (15, 78.29), (17, 78.19)]
Prototype 9 most similar: [(5, 79.13), (6, 78.85), (36, 77.89), (7, 77.04), (8, 76.49)]
Prototype 10 most similar: [(14, 84.39), (13, 81.35), (35, 80.89), (11, 80.35), (17, 77.86)]
Prototype 11 most similar: [(14, 84.1), (13, 83.03), (10, 80.35), (35, 79.72), (12, 78.71)]
Prototype 12 most similar: [(35, 79.78), (14, 79.13), (17, 79.04), (13, 79.0), (23, 78.91)]
Prototype 13 most similar: [(11, 83.03), (14, 82.62), (35, 81.66), (10, 81.35), (37, 79.91)]
Prototype 14 most similar: [(10, 84.39), (11, 84.1), (13, 82.62), (35, 81.19), (12, 79.13)]
Prototype 15 most similar: [(19, 85.6), (17, 81.61), (18, 81.34), (13, 78.88), (8, 78.29)]
Prototype 16 most similar: [(19, 86.17), (17, 83.7), (18, 80.96), (37, 80.62), (38, 79.52)]
Prototype 17 most similar: [(18, 85.68), (16, 83.7), (19, 82.02), (15, 81.61), (23, 81.08)]
Prototype 18 most similar: [(17, 85.68), (19, 83.39), (15, 81.34), (16, 80.96), (3, 79.62)]
Prototype 19 most similar: [(16, 86.17), (15, 85.6), (18, 83.39), (17, 82.02), (38, 81.25)]
Prototype 20 most similar: [(39, 82.35), (24, 82.25), (21, 80.91), (23, 79.27), (17, 79.09)]
Prototype 21 most similar: [(20, 80.91), (23, 77.51), (22, 77.02), (39, 76.59), (17, 76.16)]
Prototype 22 most similar: [(23, 80.88), (5, 79.3), (24, 77.97), (20, 77.12), (21, 77.02)]
Prototype 23 most similar: [(17, 81.08), (22, 80.88), (24, 80.46), (25, 80.05), (39, 80.0)]
Prototype 24 most similar: [(20, 82.25), (23, 80.46), (22, 77.97), (29, 76.7), (28, 76.14)]
Prototype 25 most similar: [(27, 85.9), (29, 80.06), (23, 80.05), (28, 79.42), (11, 78.31)]
Prototype 26 most similar: [(27, 82.95), (29, 82.51), (23, 79.38), (28, 79.07), (6, 77.51)]
Prototype 27 most similar: [(25, 85.9), (29, 83.92), (26, 82.95), (28, 81.74), (17, 79.23)]
Prototype 28 most similar: [(27, 81.74), (29, 79.99), (25, 79.42), (26, 79.07), (17, 78.4)]
Prototype 29 most similar: [(27, 83.92), (26, 82.51), (25, 80.06), (28, 79.99), (17, 76.81)]
Prototype 30 most similar: [(31, 82.75), (27, 79.01), (18, 78.0), (33, 77.69), (34, 77.26)]
Prototype 31 most similar: [(30, 82.75), (32, 80.84), (7, 80.31), (13, 78.08), (37, 77.88)]
Prototype 32 most similar: [(31, 80.84), (37, 78.43), (35, 77.48), (38, 76.75), (23, 76.44)]
Prototype 33 most similar: [(3, 77.94), (30, 77.69), (31, 77.44), (34, 77.01), (0, 76.59)]
Prototype 34 most similar: [(31, 77.63), (30, 77.26), (33, 77.01), (16, 75.45), (32, 75.27)]
Prototype 35 most similar: [(38, 85.4), (39, 85.2), (37, 84.97), (7, 81.94), (13, 81.66)]
Prototype 36 most similar: [(35, 80.8), (38, 80.17), (39, 79.04), (37, 78.5), (9, 77.89)]
Prototype 37 most similar: [(38, 85.48), (35, 84.97), (39, 83.09), (16, 80.62), (13, 79.91)]
Prototype 38 most similar: [(37, 85.48), (35, 85.4), (39, 82.23), (19, 81.25), (36, 80.17)]
Prototype 39 most similar: [(35, 85.2), (37, 83.09), (20, 82.35), (38, 82.23), (7, 81.29)]
