Prototype 0 most similar: [(2, 56.24), (4, 51.55), (8, 50.47), (5, 49.58), (6, 49.06)]
Prototype 1 most similar: [(3, 55.64), (5, 55.24), (9, 49.39), (2, 49.17), (4, 47.85)]
Prototype 2 most similar: [(3, 56.74), (0, 56.24), (6, 54.88), (4, 51.51), (9, 51.19)]
Prototype 3 most similar: [(2, 56.74), (1, 55.64), (9, 55.24), (6, 52.11), (4, 52.06)]
Prototype 4 most similar: [(3, 52.06), (0, 51.55), (2, 51.51), (7, 47.87), (1, 47.85)]
Prototype 5 most similar: [(1, 55.24), (9, 51.21), (3, 51.15), (0, 49.58), (2, 48.92)]
Prototype 6 most similar: [(9, 59.04), (2, 54.88), (3, 52.11), (0, 49.06), (5, 47.27)]
Prototype 7 most similar: [(8, 50.42), (3, 49.96), (2, 47.92), (4, 47.87), (0, 47.51)]
Prototype 8 most similar: [(0, 50.47), (7, 50.42), (2, 49.94), (9, 48.77), (3, 48.59)]
Prototype 9 most similar: [(6, 59.04), (3, 55.24), (5, 51.21), (2, 51.19), (1, 49.39)]
