Prototype 0 most similar: [(2, 95.05), (3, 94.46), (1, 94.16), (4, 93.14), (34, 50.68)]
Prototype 1 most similar: [(3, 99.97), (0, 94.16), (2, 93.24), (4, 93.19), (21, 49.39)]
Prototype 2 most similar: [(0, 95.05), (3, 93.58), (1, 93.24), (4, 92.93), (42, 51.44)]
Prototype 3 most similar: [(1, 99.97), (0, 94.46), (2, 93.58), (4, 93.46), (21, 49.25)]
Prototype 4 most similar: [(3, 93.46), (1, 93.19), (0, 93.14), (2, 92.93), (19, 50.03)]
Prototype 5 most similar: [(9, 98.52), (8, 97.64), (7, 97.4), (6, 97.39), (42, 52.59)]
Prototype 6 most similar: [(7, 99.98), (9, 98.58), (8, 97.48), (5, 97.39), (42, 52.81)]
Prototype 7 most similar: [(6, 99.98), (9, 98.61), (8, 97.53), (5, 97.4), (42, 52.88)]
Prototype 8 most similar: [(9, 98.72), (5, 97.64), (7, 97.53), (6, 97.48), (42, 52.07)]
Prototype 9 most similar: [(8, 98.72), (7, 98.61), (6, 98.58), (5, 98.52), (42, 52.19)]
Prototype 10 most similar: [(12, 98.89), (11, 98.79), (13, 98.53), (14, 97.92), (34, 51.42)]
Prototype 11 most similar: [(14, 99.77), (12, 98.98), (10, 98.79), (13, 98.35), (34, 49.98)]
Prototype 12 most similar: [(11, 98.98), (10, 98.89), (13, 98.38), (14, 98.3), (34, 50.54)]
Prototype 13 most similar: [(10, 98.53), (12, 98.38), (11, 98.35), (14, 97.61), (34, 52.12)]
Prototype 14 most similar: [(11, 99.77), (12, 98.3), (10, 97.92), (13, 97.61), (34, 49.14)]
Prototype 15 most similar: [(17, 96.89), (16, 96.77), (18, 96.42), (19, 94.98), (34, 52.68)]
Prototype 16 most similar: [(17, 99.98), (15, 96.77), (18, 96.28), (19, 94.13), (34, 49.5)]
Prototype 17 most similar: [(16, 99.98), (15, 96.89), (18, 96.41), (19, 94.31), (34, 49.68)]
Prototype 18 most similar: [(15, 96.42), (17, 96.41), (16, 96.28), (19, 95.06), (34, 53.24)]
Prototype 19 most similar: [(18, 95.06), (15, 94.98), (17, 94.31), (16, 94.13), (34, 51.87)]
Prototype 20 most similar: [(24, 98.02), (21, 97.58), (22, 97.51), (23, 96.91), (29, 50.62)]
Prototype 21 most similar: [(24, 98.05), (20, 97.58), (22, 97.5), (23, 96.77), (29, 52.49)]
Prototype 22 most similar: [(23, 99.82), (24, 99.67), (20, 97.51), (21, 97.5), (29, 50.14)]
Prototype 23 most similar: [(22, 99.82), (24, 99.37), (20, 96.91), (21, 96.77), (29, 49.01)]
Prototype 24 most similar: [(22, 99.67), (23, 99.37), (21, 98.05), (20, 98.02), (29, 51.32)]
Prototype 25 most similar: [(28, 95.66), (26, 95.54), (27, 95.39), (29, 94.89), (42, 54.37)]
Prototype 26 most similar: [(27, 99.93), (29, 96.45), (28, 96.4), (25, 95.54), (42, 54.57)]
Prototype 27 most similar: [(26, 99.93), (29, 96.33), (28, 96.22), (25, 95.39), (42, 54.66)]
Prototype 28 most similar: [(26, 96.4), (27, 96.22), (29, 96.11), (25, 95.66), (43, 56.45)]
Prototype 29 most similar: [(26, 96.45), (27, 96.33), (28, 96.11), (25, 94.89), (42, 54.44)]
Prototype 30 most similar: [(32, 99.97), (33, 99.39), (34, 97.14), (31, 96.85), (42, 48.22)]
Prototype 31 most similar: [(33, 97.69), (34, 97.4), (32, 96.87), (30, 96.85), (18, 52.57)]
Prototype 32 most similar: [(30, 99.97), (33, 99.4), (34, 97.18), (31, 96.87), (42, 48.28)]
Prototype 33 most similar: [(32, 99.4), (30, 99.39), (34, 98.15), (31, 97.69), (18, 50.15)]
Prototype 34 most similar: [(33, 98.15), (31, 97.4), (32, 97.18), (30, 97.14), (18, 53.24)]
Prototype 35 most similar: [(38, 98.61), (37, 98.06), (36, 98.06), (39, 97.38), (2, 50.82)]
Prototype 36 most similar: [(38, 98.09), (35, 98.06), (37, 97.52), (39, 96.95), (2, 50.61)]
Prototype 37 most similar: [(39, 99.84), (38, 99.71), (35, 98.06), (36, 97.52), (2, 48.03)]
Prototype 38 most similar: [(37, 99.71), (39, 99.45), (35, 98.61), (36, 98.09), (2, 48.99)]
Prototype 39 most similar: [(37, 99.84), (38, 99.45), (35, 97.38), (36, 96.95), (2, 47.48)]
Prototype 40 most similar: [(41, 99.98), (44, 99.93), (43, 97.69), (42, 97.2), (20, 50.03)]
Prototype 41 most similar: [(40, 99.98), (44, 99.95), (43, 97.65), (42, 97.17), (20, 50.28)]
Prototype 42 most similar: [(43, 98.7), (40, 97.2), (41, 97.17), (44, 96.61), (28, 56.09)]
Prototype 43 most similar: [(42, 98.7), (40, 97.69), (41, 97.65), (44, 97.13), (28, 56.45)]
Prototype 44 most similar: [(41, 99.95), (40, 99.93), (43, 97.13), (42, 96.61), (20, 50.19)]
Prototype 45 most similar: [(47, 99.96), (48, 99.86), (49, 97.24), (46, 97.2), (18, 49.74)]
Prototype 46 most similar: [(48, 97.82), (47, 97.34), (45, 97.2), (49, 96.87), (18, 51.06)]
Prototype 47 most similar: [(45, 99.96), (48, 99.9), (49, 97.37), (46, 97.34), (18, 49.91)]
Prototype 48 most similar: [(47, 99.9), (45, 99.86), (49, 97.85), (46, 97.82), (18, 50.23)]
Prototype 49 most similar: [(48, 97.85), (47, 97.37), (45, 97.24), (46, 96.87), (18, 52.02)]
