Prototype 0 most similar: [(4, 85.43), (1, 83.63), (3, 79.96), (2, 75.6), (19, 52.79)]
Prototype 1 most similar: [(4, 89.88), (3, 83.83), (0, 83.63), (2, 81.07), (31, 48.27)]
Prototype 2 most similar: [(4, 82.03), (1, 81.07), (3, 77.46), (0, 75.6), (34, 51.71)]
Prototype 3 most similar: [(1, 83.83), (4, 83.18), (0, 79.96), (2, 77.46), (30, 52.37)]
Prototype 4 most similar: [(1, 89.88), (0, 85.43), (3, 83.18), (2, 82.03), (6, 50.73)]
Prototype 5 most similar: [(7, 82.12), (9, 81.33), (6, 78.82), (8, 78.51), (17, 53.1)]
Prototype 6 most similar: [(7, 86.04), (9, 83.25), (5, 78.82), (8, 77.89), (2, 51.61)]
Prototype 7 most similar: [(9, 86.43), (6, 86.04), (8, 83.07), (5, 82.12), (26, 50.04)]
Prototype 8 most similar: [(7, 83.07), (9, 81.61), (5, 78.51), (6, 77.89), (2, 49.88)]
Prototype 9 most similar: [(7, 86.43), (6, 83.25), (8, 81.61), (5, 81.33), (23, 50.35)]
Prototype 10 most similar: [(11, 84.53), (13, 82.65), (14, 79.2), (12, 77.99), (28, 50.07)]
Prototype 11 most similar: [(14, 89.05), (12, 85.66), (10, 84.53), (13, 83.97), (19, 49.07)]
Prototype 12 most similar: [(11, 85.66), (14, 83.88), (13, 78.86), (10, 77.99), (17, 49.54)]
Prototype 13 most similar: [(11, 83.97), (10, 82.65), (14, 81.68), (12, 78.86), (22, 49.96)]
Prototype 14 most similar: [(11, 89.05), (12, 83.88), (13, 81.68), (10, 79.2), (17, 50.19)]
Prototype 15 most similar: [(16, 86.96), (17, 83.57), (18, 80.87), (19, 78.46), (24, 54.11)]
Prototype 16 most similar: [(17, 88.67), (15, 86.96), (18, 84.03), (19, 82.83), (24, 54.61)]
Prototype 17 most similar: [(16, 88.67), (18, 85.47), (15, 83.57), (19, 80.18), (24, 55.25)]
Prototype 18 most similar: [(17, 85.47), (16, 84.03), (15, 80.87), (19, 79.03), (24, 58.87)]
Prototype 19 most similar: [(16, 82.83), (17, 80.18), (18, 79.03), (15, 78.46), (0, 52.79)]
Prototype 20 most similar: [(23, 89.07), (21, 85.98), (22, 80.43), (24, 78.05), (28, 48.05)]
Prototype 21 most similar: [(23, 86.97), (20, 85.98), (22, 83.94), (24, 81.29), (3, 50.26)]
Prototype 22 most similar: [(21, 83.94), (23, 81.87), (20, 80.43), (24, 74.13), (13, 49.96)]
Prototype 23 most similar: [(20, 89.07), (21, 86.97), (22, 81.87), (24, 79.16), (9, 50.35)]
Prototype 24 most similar: [(21, 81.29), (23, 79.16), (20, 78.05), (22, 74.13), (18, 58.87)]
Prototype 25 most similar: [(26, 89.0), (27, 88.66), (29, 81.41), (28, 80.92), (3, 48.21)]
Prototype 26 most similar: [(25, 89.0), (27, 86.68), (28, 81.65), (29, 81.45), (7, 50.04)]
Prototype 27 most similar: [(25, 88.66), (26, 86.68), (28, 82.4), (29, 78.98), (10, 49.05)]
Prototype 28 most similar: [(27, 82.4), (26, 81.65), (25, 80.92), (29, 74.39), (10, 50.07)]
Prototype 29 most similar: [(26, 81.45), (25, 81.41), (27, 78.98), (28, 74.39), (30, 53.07)]
Prototype 30 most similar: [(32, 84.96), (34, 80.48), (31, 78.93), (33, 77.53), (29, 53.07)]
Prototype 31 most similar: [(32, 86.5), (34, 86.17), (33, 83.56), (30, 78.93), (19, 48.63)]
Prototype 32 most similar: [(34, 88.97), (33, 86.76), (31, 86.5), (30, 84.96), (5, 47.48)]
Prototype 33 most similar: [(32, 86.76), (31, 83.56), (34, 81.9), (30, 77.53), (2, 49.5)]
Prototype 34 most similar: [(32, 88.97), (31, 86.17), (33, 81.9), (30, 80.48), (2, 51.71)]
