Prototype 0 most similar: [(2, 59.84), (3, 56.08), (1, 55.71), (4, 53.86), (5, 50.69)]
Prototype 1 most similar: [(7, 62.69), (0, 55.71), (3, 50.71), (6, 50.19), (9, 50.1)]
Prototype 2 most similar: [(0, 59.84), (8, 52.64), (3, 52.42), (7, 50.53), (4, 49.37)]
Prototype 3 most similar: [(0, 56.08), (6, 56.06), (2, 52.42), (4, 52.27), (1, 50.71)]
Prototype 4 most similar: [(6, 56.38), (0, 53.86), (3, 52.27), (7, 51.17), (8, 50.05)]
Prototype 5 most similar: [(6, 55.22), (9, 55.12), (7, 52.88), (8, 51.27), (0, 50.69)]
Prototype 6 most similar: [(4, 56.38), (3, 56.06), (5, 55.22), (0, 50.53), (9, 50.46)]
Prototype 7 most similar: [(1, 62.69), (8, 57.89), (9, 54.13), (5, 52.88), (4, 51.17)]
Prototype 8 most similar: [(7, 57.89), (2, 52.64), (5, 51.27), (4, 50.05), (1, 49.67)]
Prototype 9 most similar: [(5, 55.12), (7, 54.13), (3, 50.49), (6, 50.46), (1, 50.1)]
