Prototype 0 most similar: [(1, 88.98), (4, 88.67), (2, 86.46), (3, 83.33), (65, 61.1)]
Prototype 1 most similar: [(4, 90.04), (0, 88.98), (2, 88.26), (3, 84.01), (30, 57.67)]
Prototype 2 most similar: [(1, 88.26), (0, 86.46), (4, 85.14), (3, 80.68), (65, 60.45)]
Prototype 3 most similar: [(1, 84.01), (4, 83.9), (0, 83.33), (2, 80.68), (118, 61.07)]
Prototype 4 most similar: [(1, 90.04), (0, 88.67), (2, 85.14), (3, 83.9), (118, 60.43)]
Prototype 5 most similar: [(9, 90.39), (8, 89.77), (6, 88.58), (7, 85.52), (38, 58.41)]
Prototype 6 most similar: [(9, 89.94), (5, 88.58), (8, 88.49), (7, 86.25), (101, 58.84)]
Prototype 7 most similar: [(9, 88.25), (6, 86.25), (8, 86.07), (5, 85.52), (35, 59.46)]
Prototype 8 most similar: [(9, 89.93), (5, 89.77), (6, 88.49), (7, 86.07), (28, 58.28)]
Prototype 9 most similar: [(5, 90.39), (6, 89.94), (8, 89.93), (7, 88.25), (35, 58.26)]
Prototype 10 most similar: [(13, 72.92), (11, 71.79), (14, 70.28), (12, 68.75), (53, 61.61)]
Prototype 11 most similar: [(14, 77.96), (13, 76.79), (10, 71.79), (12, 70.68), (107, 62.48)]
Prototype 12 most similar: [(14, 74.5), (13, 71.04), (11, 70.68), (10, 68.75), (78, 59.97)]
Prototype 13 most similar: [(11, 76.79), (10, 72.92), (14, 72.26), (12, 71.04), (107, 61.86)]
Prototype 14 most similar: [(11, 77.96), (12, 74.5), (13, 72.26), (10, 70.28), (126, 60.99)]
Prototype 15 most similar: [(18, 89.76), (17, 86.34), (19, 81.8), (16, 81.47), (129, 59.6)]
Prototype 16 most similar: [(15, 81.47), (18, 78.74), (17, 77.53), (19, 71.05), (88, 58.82)]
Prototype 17 most similar: [(15, 86.34), (18, 83.16), (16, 77.53), (19, 74.62), (41, 57.69)]
Prototype 18 most similar: [(15, 89.76), (17, 83.16), (19, 79.05), (16, 78.74), (88, 57.07)]
Prototype 19 most similar: [(15, 81.8), (18, 79.05), (17, 74.62), (16, 71.05), (70, 57.82)]
Prototype 20 most similar: [(22, 82.15), (24, 81.13), (23, 80.65), (21, 77.17), (129, 58.71)]
Prototype 21 most similar: [(22, 87.07), (23, 85.82), (24, 82.96), (20, 77.17), (67, 56.85)]
Prototype 22 most similar: [(23, 90.84), (24, 87.57), (21, 87.07), (20, 82.15), (75, 59.66)]
Prototype 23 most similar: [(22, 90.84), (24, 88.28), (21, 85.82), (20, 80.65), (75, 60.37)]
Prototype 24 most similar: [(23, 88.28), (22, 87.57), (21, 82.96), (20, 81.13), (35, 57.94)]
Prototype 25 most similar: [(29, 80.93), (26, 74.76), (28, 73.0), (27, 68.43), (42, 59.64)]
Prototype 26 most similar: [(29, 81.81), (28, 75.88), (25, 74.76), (27, 73.73), (115, 58.11)]
Prototype 27 most similar: [(29, 77.82), (26, 73.73), (28, 72.7), (25, 68.43), (95, 60.67)]
Prototype 28 most similar: [(29, 82.12), (26, 75.88), (25, 73.0), (27, 72.7), (115, 62.83)]
Prototype 29 most similar: [(28, 82.12), (26, 81.81), (25, 80.93), (27, 77.82), (95, 56.82)]
Prototype 30 most similar: [(31, 85.63), (34, 84.06), (33, 81.18), (32, 79.69), (44, 58.13)]
Prototype 31 most similar: [(34, 92.11), (30, 85.63), (33, 85.48), (32, 84.1), (44, 57.25)]
Prototype 32 most similar: [(34, 85.04), (31, 84.1), (33, 80.37), (30, 79.69), (44, 58.43)]
Prototype 33 most similar: [(34, 86.85), (31, 85.48), (30, 81.18), (32, 80.37), (43, 62.2)]
Prototype 34 most similar: [(31, 92.11), (33, 86.85), (32, 85.04), (30, 84.06), (44, 60.23)]
Prototype 35 most similar: [(37, 86.88), (36, 83.05), (38, 80.74), (39, 76.71), (7, 59.46)]
Prototype 36 most similar: [(37, 86.05), (35, 83.05), (38, 81.22), (39, 75.05), (74, 57.79)]
Prototype 37 most similar: [(35, 86.88), (36, 86.05), (38, 80.8), (39, 75.92), (59, 61.3)]
Prototype 38 most similar: [(36, 81.22), (37, 80.8), (35, 80.74), (39, 69.27), (113, 59.93)]
Prototype 39 most similar: [(35, 76.71), (37, 75.92), (36, 75.05), (38, 69.27), (126, 60.36)]
Prototype 40 most similar: [(43, 84.6), (42, 79.27), (44, 78.77), (41, 76.96), (0, 58.72)]
Prototype 41 most similar: [(43, 84.66), (42, 79.57), (44, 78.28), (40, 76.96), (3, 58.13)]
Prototype 42 most similar: [(43, 85.58), (41, 79.57), (44, 79.48), (40, 79.27), (25, 59.64)]
Prototype 43 most similar: [(42, 85.58), (44, 85.4), (41, 84.66), (40, 84.6), (33, 62.2)]
Prototype 44 most similar: [(43, 85.4), (42, 79.48), (40, 78.77), (41, 78.28), (34, 60.23)]
Prototype 45 most similar: [(46, 90.29), (47, 85.78), (49, 79.67), (48, 79.35), (85, 56.13)]
Prototype 46 most similar: [(45, 90.29), (47, 85.8), (48, 79.77), (49, 79.76), (85, 57.65)]
Prototype 47 most similar: [(46, 85.8), (45, 85.78), (49, 77.55), (48, 75.04), (74, 57.37)]
Prototype 48 most similar: [(46, 79.77), (45, 79.35), (47, 75.04), (49, 71.76), (119, 59.1)]
Prototype 49 most similar: [(46, 79.76), (45, 79.67), (47, 77.55), (48, 71.76), (11, 61.27)]
Prototype 50 most similar: [(54, 76.82), (53, 73.52), (51, 69.55), (52, 69.2), (10, 58.58)]
Prototype 51 most similar: [(54, 75.21), (53, 74.37), (52, 71.22), (50, 69.55), (12, 59.57)]
Prototype 52 most similar: [(53, 78.89), (54, 77.47), (51, 71.22), (50, 69.2), (72, 62.34)]
Prototype 53 most similar: [(54, 84.6), (52, 78.89), (51, 74.37), (50, 73.52), (10, 61.61)]
Prototype 54 most similar: [(53, 84.6), (52, 77.47), (50, 76.82), (51, 75.21), (10, 57.07)]
Prototype 55 most similar: [(59, 84.39), (56, 83.96), (57, 83.92), (58, 79.36), (37, 58.37)]
Prototype 56 most similar: [(59, 89.96), (57, 88.55), (55, 83.96), (58, 82.78), (123, 59.65)]
Prototype 57 most similar: [(56, 88.55), (59, 88.02), (55, 83.92), (58, 81.62), (124, 60.69)]
Prototype 58 most similar: [(56, 82.78), (59, 82.54), (57, 81.62), (55, 79.36), (122, 59.96)]
Prototype 59 most similar: [(56, 89.96), (57, 88.02), (55, 84.39), (58, 82.54), (124, 63.08)]
Prototype 60 most similar: [(63, 80.3), (61, 80.18), (64, 78.01), (62, 73.04), (68, 59.1)]
Prototype 61 most similar: [(63, 87.32), (64, 85.15), (60, 80.18), (62, 78.71), (68, 61.8)]
Prototype 62 most similar: [(61, 78.71), (63, 78.26), (64, 77.52), (60, 73.04), (109, 59.61)]
Prototype 63 most similar: [(61, 87.32), (60, 80.3), (64, 79.9), (62, 78.26), (68, 63.0)]
Prototype 64 most similar: [(61, 85.15), (63, 79.9), (60, 78.01), (62, 77.52), (82, 61.53)]
Prototype 65 most similar: [(67, 86.79), (66, 84.32), (69, 81.24), (68, 76.33), (0, 61.1)]
Prototype 66 most similar: [(67, 85.5), (65, 84.32), (69, 78.36), (68, 72.98), (75, 61.73)]
Prototype 67 most similar: [(65, 86.79), (66, 85.5), (69, 80.19), (68, 79.69), (0, 59.22)]
Prototype 68 most similar: [(67, 79.69), (69, 76.84), (65, 76.33), (66, 72.98), (63, 63.0)]
Prototype 69 most similar: [(65, 81.24), (67, 80.19), (66, 78.36), (68, 76.84), (71, 57.98)]
Prototype 70 most similar: [(73, 93.99), (72, 91.58), (71, 89.91), (74, 88.58), (101, 60.3)]
Prototype 71 most similar: [(70, 89.91), (73, 86.59), (72, 86.34), (74, 83.02), (52, 60.86)]
Prototype 72 most similar: [(70, 91.58), (73, 90.25), (71, 86.34), (74, 85.34), (52, 62.34)]
Prototype 73 most similar: [(70, 93.99), (72, 90.25), (74, 88.52), (71, 86.59), (101, 61.48)]
Prototype 74 most similar: [(70, 88.58), (73, 88.52), (72, 85.34), (71, 83.02), (52, 58.89)]
Prototype 75 most similar: [(77, 80.55), (79, 78.93), (78, 76.64), (76, 70.16), (66, 61.73)]
Prototype 76 most similar: [(79, 81.4), (77, 75.51), (78, 74.61), (75, 70.16), (106, 57.05)]
Prototype 77 most similar: [(79, 85.17), (78, 83.4), (75, 80.55), (76, 75.51), (66, 58.21)]
Prototype 78 most similar: [(79, 84.97), (77, 83.4), (75, 76.64), (76, 74.61), (12, 59.97)]
Prototype 79 most similar: [(77, 85.17), (78, 84.97), (76, 81.4), (75, 78.93), (66, 61.18)]
Prototype 80 most similar: [(84, 77.61), (81, 74.23), (83, 70.06), (82, 68.11), (66, 60.14)]
Prototype 81 most similar: [(84, 84.69), (83, 84.46), (82, 78.17), (80, 74.23), (87, 60.35)]
Prototype 82 most similar: [(84, 78.93), (81, 78.17), (83, 76.92), (80, 68.11), (64, 61.53)]
Prototype 83 most similar: [(81, 84.46), (84, 81.26), (82, 76.92), (80, 70.06), (87, 58.25)]
Prototype 84 most similar: [(81, 84.69), (83, 81.26), (82, 78.93), (80, 77.61), (87, 59.23)]
Prototype 85 most similar: [(87, 82.27), (89, 80.83), (86, 80.77), (88, 77.91), (129, 60.84)]
Prototype 86 most similar: [(87, 87.96), (88, 84.14), (89, 83.16), (85, 80.77), (15, 57.4)]
Prototype 87 most similar: [(86, 87.96), (89, 85.13), (88, 84.85), (85, 82.27), (81, 60.35)]
Prototype 88 most similar: [(87, 84.85), (86, 84.14), (89, 78.1), (85, 77.91), (81, 59.95)]
Prototype 89 most similar: [(87, 85.13), (86, 83.16), (85, 80.83), (88, 78.1), (115, 58.4)]
Prototype 90 most similar: [(94, 93.44), (93, 91.45), (91, 89.24), (92, 85.82), (3, 56.99)]
Prototype 91 most similar: [(90, 89.24), (94, 88.67), (93, 86.84), (92, 84.07), (126, 61.51)]
Prototype 92 most similar: [(94, 87.98), (90, 85.82), (93, 85.2), (91, 84.07), (37, 57.77)]
Prototype 93 most similar: [(94, 93.2), (90, 91.45), (91, 86.84), (92, 85.2), (112, 57.18)]
Prototype 94 most similar: [(90, 93.44), (93, 93.2), (91, 88.67), (92, 87.98), (126, 57.65)]
Prototype 95 most similar: [(96, 92.46), (98, 87.27), (97, 86.21), (99, 82.25), (27, 60.67)]
Prototype 96 most similar: [(95, 92.46), (98, 89.01), (97, 87.36), (99, 84.57), (117, 54.7)]
Prototype 97 most similar: [(96, 87.36), (95, 86.21), (98, 81.92), (99, 78.45), (118, 56.21)]
Prototype 98 most similar: [(96, 89.01), (95, 87.27), (97, 81.92), (99, 76.01), (117, 55.99)]
Prototype 99 most similar: [(96, 84.57), (95, 82.25), (97, 78.45), (98, 76.01), (82, 55.85)]
Prototype 100 most similar: [(103, 87.54), (102, 80.98), (104, 79.07), (101, 77.24), (16, 55.93)]
Prototype 101 most similar: [(103, 79.93), (100, 77.24), (102, 73.29), (104, 69.23), (73, 61.48)]
Prototype 102 most similar: [(100, 80.98), (103, 79.13), (104, 75.28), (101, 73.29), (64, 59.21)]
Prototype 103 most similar: [(100, 87.54), (104, 81.29), (101, 79.93), (102, 79.13), (123, 56.39)]
Prototype 104 most similar: [(103, 81.29), (100, 79.07), (102, 75.28), (101, 69.23), (121, 61.09)]
Prototype 105 most similar: [(106, 85.2), (107, 82.53), (109, 79.59), (108, 79.35), (10, 61.42)]
Prototype 106 most similar: [(105, 85.2), (107, 84.64), (109, 79.46), (108, 78.92), (10, 61.15)]
Prototype 107 most similar: [(106, 84.64), (105, 82.53), (108, 76.46), (109, 76.01), (11, 62.48)]
Prototype 108 most similar: [(105, 79.35), (106, 78.92), (107, 76.46), (109, 71.59), (10, 59.1)]
Prototype 109 most similar: [(105, 79.59), (106, 79.46), (107, 76.01), (108, 71.59), (62, 59.61)]
Prototype 110 most similar: [(111, 93.53), (114, 88.22), (113, 86.24), (112, 83.33), (11, 57.89)]
Prototype 111 most similar: [(110, 93.53), (113, 87.26), (114, 85.95), (112, 81.66), (11, 57.06)]
Prototype 112 most similar: [(110, 83.33), (111, 81.66), (113, 78.65), (114, 76.87), (32, 57.29)]
Prototype 113 most similar: [(111, 87.26), (110, 86.24), (114, 80.53), (112, 78.65), (38, 59.93)]
Prototype 114 most similar: [(110, 88.22), (111, 85.95), (113, 80.53), (112, 76.87), (88, 57.32)]
Prototype 115 most similar: [(116, 85.35), (119, 78.27), (117, 77.27), (118, 77.24), (28, 62.83)]
Prototype 116 most similar: [(115, 85.35), (119, 85.08), (117, 83.95), (118, 83.24), (28, 58.41)]
Prototype 117 most similar: [(116, 83.95), (119, 77.27), (115, 77.27), (118, 74.2), (122, 56.87)]
Prototype 118 most similar: [(116, 83.24), (115, 77.24), (119, 74.7), (117, 74.2), (3, 61.07)]
Prototype 119 most similar: [(116, 85.08), (115, 78.27), (117, 77.27), (118, 74.7), (48, 59.1)]
Prototype 120 most similar: [(123, 71.74), (124, 70.44), (122, 68.51), (121, 65.47), (3, 59.37)]
Prototype 121 most similar: [(123, 68.27), (124, 66.48), (120, 65.47), (104, 61.09), (122, 60.7)]
Prototype 122 most similar: [(123, 73.97), (120, 68.51), (124, 67.3), (121, 60.7), (58, 59.96)]
Prototype 123 most similar: [(124, 75.62), (122, 73.97), (120, 71.74), (121, 68.27), (57, 60.03)]
Prototype 124 most similar: [(123, 75.62), (120, 70.44), (122, 67.3), (121, 66.48), (59, 63.08)]
Prototype 125 most similar: [(128, 79.93), (127, 75.53), (129, 74.26), (126, 68.96), (85, 58.31)]
Prototype 126 most similar: [(127, 73.68), (128, 72.47), (129, 72.29), (125, 68.96), (91, 61.51)]
Prototype 127 most similar: [(125, 75.53), (128, 74.6), (126, 73.68), (129, 73.51), (121, 58.31)]
Prototype 128 most similar: [(125, 79.93), (129, 75.13), (127, 74.6), (126, 72.47), (85, 58.6)]
Prototype 129 most similar: [(128, 75.13), (125, 74.26), (127, 73.51), (126, 72.29), (85, 60.84)]
