Prototype 0 most similar: [(4, 66.6), (2, 64.85), (3, 64.71), (5, 64.0), (1, 63.47)]
Prototype 1 most similar: [(7, 72.71), (4, 64.15), (2, 63.78), (0, 63.47), (5, 62.35)]
Prototype 2 most similar: [(8, 66.23), (4, 64.97), (0, 64.85), (7, 64.78), (9, 64.59)]
Prototype 3 most similar: [(7, 71.24), (0, 64.71), (2, 63.87), (5, 63.42), (9, 63.09)]
Prototype 4 most similar: [(0, 66.6), (2, 64.97), (7, 64.93), (1, 64.15), (3, 62.85)]
Prototype 5 most similar: [(8, 69.53), (6, 66.2), (7, 65.62), (0, 64.0), (9, 63.73)]
Prototype 6 most similar: [(5, 66.2), (8, 63.85), (7, 63.66), (9, 61.97), (3, 59.05)]
Prototype 7 most similar: [(1, 72.71), (3, 71.24), (8, 65.81), (5, 65.62), (4, 64.93)]
Prototype 8 most similar: [(5, 69.53), (2, 66.23), (7, 65.81), (6, 63.85), (9, 63.38)]
Prototype 9 most similar: [(2, 64.59), (5, 63.73), (8, 63.38), (7, 63.35), (3, 63.09)]
