Prototype 0 most similar: [(2, 59.11), (16, 57.36), (4, 57.14), (3, 55.47), (1, 53.85)]
Prototype 1 most similar: [(9, 56.83), (18, 56.12), (2, 55.44), (8, 55.28), (11, 54.48)]
Prototype 2 most similar: [(0, 59.11), (8, 58.57), (1, 55.44), (18, 55.27), (4, 54.56)]
Prototype 3 most similar: [(0, 55.47), (9, 54.25), (8, 52.03), (19, 51.98), (16, 51.86)]
Prototype 4 most similar: [(6, 57.41), (0, 57.14), (18, 56.75), (16, 56.64), (2, 54.56)]
Prototype 5 most similar: [(12, 62.33), (14, 59.35), (10, 59.09), (7, 55.49), (8, 54.42)]
Prototype 6 most similar: [(11, 58.17), (4, 57.41), (15, 55.15), (18, 54.46), (16, 53.97)]
Prototype 7 most similar: [(8, 58.13), (9, 56.64), (5, 55.49), (16, 54.68), (13, 54.59)]
Prototype 8 most similar: [(9, 59.62), (2, 58.57), (7, 58.13), (11, 56.91), (14, 56.65)]
Prototype 9 most similar: [(8, 59.62), (13, 57.94), (1, 56.83), (7, 56.64), (15, 54.57)]
Prototype 10 most similar: [(12, 60.22), (5, 59.09), (13, 58.36), (14, 56.51), (16, 56.37)]
Prototype 11 most similar: [(6, 58.17), (8, 56.91), (19, 56.15), (12, 55.53), (13, 54.64)]
Prototype 12 most similar: [(5, 62.33), (10, 60.22), (14, 60.17), (13, 59.03), (11, 55.53)]
Prototype 13 most similar: [(15, 59.54), (12, 59.03), (10, 58.36), (9, 57.94), (19, 55.42)]
Prototype 14 most similar: [(12, 60.17), (5, 59.35), (8, 56.65), (10, 56.51), (19, 55.51)]
Prototype 15 most similar: [(13, 59.54), (19, 57.08), (6, 55.15), (9, 54.57), (18, 53.9)]
Prototype 16 most similar: [(0, 57.36), (4, 56.64), (10, 56.37), (17, 55.22), (7, 54.68)]
Prototype 17 most similar: [(16, 55.22), (8, 54.66), (19, 53.82), (7, 53.81), (12, 52.94)]
Prototype 18 most similar: [(19, 60.28), (4, 56.75), (1, 56.12), (2, 55.27), (6, 54.46)]
Prototype 19 most similar: [(18, 60.28), (15, 57.08), (11, 56.15), (14, 55.51), (8, 55.43)]
