Prototype 0 most similar: [(4, 74.69), (1, 72.18), (3, 68.29), (2, 67.81), (28, 56.85)]
Prototype 1 most similar: [(4, 75.36), (0, 72.18), (2, 69.7), (3, 69.25), (33, 55.7)]
Prototype 2 most similar: [(4, 70.76), (1, 69.7), (0, 67.81), (3, 60.09), (7, 57.27)]
Prototype 3 most similar: [(1, 69.25), (0, 68.29), (4, 64.12), (2, 60.09), (33, 57.47)]
Prototype 4 most similar: [(1, 75.36), (0, 74.69), (2, 70.76), (3, 64.12), (9, 53.32)]
Prototype 5 most similar: [(7, 73.52), (6, 73.11), (9, 66.81), (8, 61.3), (22, 58.81)]
Prototype 6 most similar: [(5, 73.11), (7, 72.22), (9, 68.23), (8, 61.06), (3, 55.55)]
Prototype 7 most similar: [(5, 73.52), (6, 72.22), (8, 63.8), (9, 61.22), (2, 57.27)]
Prototype 8 most similar: [(7, 63.8), (9, 61.88), (5, 61.3), (6, 61.06), (15, 57.01)]
Prototype 9 most similar: [(6, 68.23), (5, 66.81), (8, 61.88), (7, 61.22), (36, 59.13)]
Prototype 10 most similar: [(14, 74.44), (11, 66.2), (13, 65.43), (12, 58.65), (35, 56.32)]
Prototype 11 most similar: [(14, 73.44), (13, 69.1), (10, 66.2), (12, 59.39), (25, 56.55)]
Prototype 12 most similar: [(14, 63.16), (11, 59.39), (13, 58.74), (10, 58.65), (3, 54.35)]
Prototype 13 most similar: [(14, 69.6), (11, 69.1), (10, 65.43), (12, 58.74), (35, 57.41)]
Prototype 14 most similar: [(10, 74.44), (11, 73.44), (13, 69.6), (12, 63.16), (35, 56.62)]
Prototype 15 most similar: [(19, 73.54), (17, 64.84), (18, 63.9), (16, 59.5), (8, 57.01)]
Prototype 16 most similar: [(19, 74.42), (17, 68.97), (18, 63.89), (15, 59.5), (37, 57.91)]
Prototype 17 most similar: [(18, 70.93), (16, 68.97), (19, 65.11), (15, 64.84), (3, 54.09)]
Prototype 18 most similar: [(17, 70.93), (19, 67.78), (15, 63.9), (16, 63.89), (3, 56.83)]
Prototype 19 most similar: [(16, 74.42), (15, 73.54), (18, 67.78), (17, 65.11), (38, 60.04)]
Prototype 20 most similar: [(21, 71.91), (24, 71.02), (22, 65.14), (23, 61.11), (39, 58.81)]
Prototype 21 most similar: [(20, 71.91), (22, 68.59), (24, 63.09), (23, 63.07), (34, 54.61)]
Prototype 22 most similar: [(21, 68.59), (23, 66.84), (24, 66.26), (20, 65.14), (5, 58.81)]
Prototype 23 most similar: [(22, 66.84), (24, 63.79), (21, 63.07), (20, 61.11), (25, 54.89)]
Prototype 24 most similar: [(20, 71.02), (22, 66.26), (23, 63.79), (21, 63.09), (4, 52.12)]
Prototype 25 most similar: [(27, 73.62), (29, 65.33), (28, 60.39), (26, 56.7), (11, 56.55)]
Prototype 26 most similar: [(29, 69.23), (27, 67.94), (28, 59.15), (25, 56.7), (10, 52.64)]
Prototype 27 most similar: [(25, 73.62), (29, 72.97), (26, 67.94), (28, 65.0), (30, 53.58)]
Prototype 28 most similar: [(27, 65.0), (29, 64.19), (25, 60.39), (26, 59.15), (0, 56.85)]
Prototype 29 most similar: [(27, 72.97), (26, 69.23), (25, 65.33), (28, 64.19), (36, 52.18)]
Prototype 30 most similar: [(31, 70.28), (34, 67.26), (33, 66.94), (32, 61.22), (18, 54.99)]
Prototype 31 most similar: [(30, 70.28), (32, 68.77), (34, 67.24), (33, 65.66), (7, 56.65)]
Prototype 32 most similar: [(31, 68.77), (34, 66.9), (33, 66.35), (30, 61.22), (37, 55.52)]
Prototype 33 most similar: [(34, 70.81), (30, 66.94), (32, 66.35), (31, 65.66), (3, 57.47)]
Prototype 34 most similar: [(33, 70.81), (30, 67.26), (31, 67.24), (32, 66.9), (21, 54.61)]
Prototype 35 most similar: [(38, 69.96), (37, 69.46), (39, 66.57), (36, 60.53), (13, 57.41)]
Prototype 36 most similar: [(38, 63.71), (37, 61.29), (35, 60.53), (9, 59.13), (39, 57.68)]
Prototype 37 most similar: [(38, 74.0), (35, 69.46), (39, 65.96), (36, 61.29), (16, 57.91)]
Prototype 38 most similar: [(37, 74.0), (35, 69.96), (39, 64.14), (36, 63.71), (19, 60.04)]
Prototype 39 most similar: [(35, 66.57), (37, 65.96), (38, 64.14), (20, 58.81), (36, 57.68)]
